      MACH      ALPHA     C-lift     C-drag       C-my
0.20000000 -6.00000000 -0.53228324 0.01225065 -0.01249702
0.20000000 -5.76767677 -0.50718964 0.01209318 -0.01222183
0.20000000 -5.53535354 -0.48195101 0.01194392 -0.01195696
0.20000000 -5.30303030 -0.45660799 0.01180329 -0.01170415
0.20000000 -5.07070707 -0.43120119 0.01167175 -0.01146512
0.20000000 -4.83838384 -0.40576803 0.01154967 -0.01124120
0.20000000 -4.60606061 -0.38031204 0.01143696 -0.01102951
0.20000000 -4.37373737 -0.35481676 0.01133322 -0.01082490
0.20000000 -4.14141414 -0.32926958 0.01123771 -0.01062616
0.20000000 -3.90909091 -0.30366183 0.01114940 -0.01043556
0.20000000 -3.67676768 -0.27799741 0.01106762 -0.01025349
0.20000000 -3.44444444 -0.25229640 0.01099217 -0.01007765
0.20000000 -3.21212121 -0.22653591 0.01092318 -0.00991241
0.20000000 -2.97979798 -0.20060492 0.01086140 -0.00977588
0.20000000 -2.74747475 -0.17445074 0.01080697 -0.00967672
0.20000000 -2.51515152 -0.14823331 0.01075797 -0.00958935
0.20000000 -2.28282828 -0.12212297 0.01071264 -0.00948661
0.20000000 -2.05050505 -0.09614174 0.01067190 -0.00936570
0.20000000 -1.81818182 -0.07026656 0.01063748 -0.00923120
0.20000000 -1.58585859 -0.04447435 0.01061110 -0.00908770
0.20000000 -1.35353535 -0.01874205 0.01059449 -0.00893979
0.20000000 -1.12121212 0.00695340 0.01058939 -0.00879204
0.20000000 -0.88888889 0.03263436 0.01059738 -0.00864888
0.20000000 -0.65656566 0.05830475 0.01061663 -0.00851041
0.20000000 -0.42424242 0.08394898 0.01064164 -0.00837219
0.20000000 -0.19191919 0.10955055 0.01066677 -0.00822953
0.20000000 0.04040404 0.13509298 0.01068636 -0.00807777
0.20000000 0.27272727 0.16057669 0.01069795 -0.00791587
0.20000000 0.50505051 0.18604255 0.01070669 -0.00775150
0.20000000 0.73737374 0.21153739 0.01071885 -0.00759357
0.20000000 0.96969697 0.23710805 0.01074072 -0.00745102
0.20000000 1.20202020 0.26279145 0.01077753 -0.00733097
0.20000000 1.43434343 0.28856551 0.01082825 -0.00722974
0.20000000 1.66666667 0.31438649 0.01088961 -0.00713967
0.20000000 1.89898990 0.34021063 0.01095830 -0.00705310
0.20000000 2.13131313 0.36599560 0.01103114 -0.00696267
0.20000000 2.36363636 0.39172412 0.01110723 -0.00686595
0.20000000 2.59595960 0.41740002 0.01118756 -0.00676470
0.20000000 2.82828283 0.44302781 0.01127318 -0.00666079
0.20000000 3.06060606 0.46861199 0.01136514 -0.00655609
0.20000000 3.29292929 0.49415792 0.01146397 -0.00645169
0.20000000 3.52525253 0.51967255 0.01156923 -0.00634710
0.20000000 3.75757576 0.54516302 0.01168038 -0.00624170
0.20000000 3.98989899 0.57063647 0.01179687 -0.00613486
0.20000000 4.22222222 0.59609242 0.01191841 -0.00602543
0.20000000 4.45454545 0.62149578 0.01204584 -0.00590992
0.20000000 4.68686869 0.64680161 0.01218034 -0.00578416
0.20000000 4.91919192 0.67196494 0.01232308 -0.00564399
0.20000000 5.15151515 0.69694806 0.01247509 -0.00548612
0.20000000 5.38383838 0.72180186 0.01263554 -0.00531781
0.20000000 5.61616162 0.74663668 0.01280236 -0.00515341
0.20000000 5.84848485 0.77156394 0.01297346 -0.00500741
0.20000000 6.08080808 0.79668942 0.01314687 -0.00489357
0.20000000 6.31313131 0.82181231 0.01332715 -0.00478586
0.20000000 6.54545455 0.84647682 0.01352358 -0.00462318
0.20000000 6.77777778 0.87085644 0.01373007 -0.00442045
0.20000000 7.01010101 0.89513278 0.01394279 -0.00420251
0.20000000 7.24242424 0.91937402 0.01416215 -0.00398339
0.20000000 7.47474747 0.94348977 0.01439240 -0.00375310
0.20000000 7.70707071 0.96739494 0.01463170 -0.00350680
0.20000000 7.93939394 0.99112690 0.01488103 -0.00324709
0.20000000 8.17171717 1.01481290 0.01514689 -0.00297805
0.20000000 8.40404040 1.03836582 0.01542093 -0.00269715
0.20000000 8.63636364 1.06169198 0.01570020 -0.00240206
0.20000000 8.86868687 1.08482576 0.01599353 -0.00209289
0.20000000 9.10101010 1.10780834 0.01630111 -0.00176521
0.20000000 9.33333333 1.13064200 0.01662236 -0.00142629
0.20000000 9.56565657 1.15328983 0.01695807 -0.00108583
0.20000000 9.79797980 1.17572899 0.01730941 -0.00072541
0.20000000 10.03030303 1.19792788 0.01767158 -0.00034260
0.20000000 10.26262626 1.21987775 0.01804440 0.00005757
0.20000000 10.49494949 1.24163348 0.01844241 0.00047049
0.20000000 10.72727273 1.26319091 0.01885663 0.00088334
0.20000000 10.95959596 1.28450409 0.01928447 0.00129992
0.20000000 11.19191919 1.30552967 0.01973683 0.00173784
0.20000000 11.42424242 1.32632225 0.02021193 0.00218681
0.20000000 11.65656566 1.34695995 0.02070334 0.00262765
0.20000000 11.88888889 1.36732392 0.02121393 0.00307500
0.20000000 12.12121212 1.38717060 0.02175247 0.00356496
0.20000000 12.35353535 1.40625753 0.02232776 0.00413345
0.20000000 12.58585859 1.42479816 0.02293727 0.00473572
0.20000000 12.81818182 1.44360507 0.02356377 0.00522466
0.20000000 13.05050505 1.46199796 0.02422789 0.00573383
0.20000000 13.28282828 1.47943116 0.02493927 0.00633600
0.20000000 13.51515152 1.49655565 0.02567173 0.00684250
0.20000000 13.74747475 1.51357538 0.02645719 0.00731582
0.20000000 13.97979798 1.53006370 0.02731298 0.00780818
0.20000000 14.21212121 1.54544210 0.02823163 0.00830173
0.20000000 14.44444444 1.55996393 0.02920663 0.00879017
0.20000000 14.67676768 1.57396867 0.03024305 0.00924326
0.20000000 14.90909091 1.58737427 0.03135575 0.00964289
0.20000000 15.14141414 1.59957767 0.03256810 0.01002195
0.20000000 15.37373737 1.60896095 0.03398966 0.01040502
0.20000000 15.60606061 1.61529641 0.03566924 0.01073559
0.20000000 15.83838384 1.62087053 0.03750454 0.01087649
0.20000000 16.07070707 1.62480481 0.03956883 0.01081417
0.20000000 16.30303030 1.62577474 0.04197150 0.01052983
0.20000000 16.53535354 1.62294933 0.04482739 0.00992853
0.20000000 16.76767677 1.61513429 0.04832784 0.00885144
0.20000000 17.00000000 1.60103413 0.05268291 0.00712575
